334262.21407231,4142942.44271424,0
334262.21407231,4142942.44271424,0
334262.21407231,4142942.44271424,0
334262.21407231,4142942.44271424,0
334262.21407231,4142942.44271424,0
334262.25951299,4142942.44291261,0
334262.30196294,4142942.44312623,0
334262.35277470,4142942.44335511,0
334262.50478276,4142942.44404176,0
334262.72029790,4142942.44501832,0
334263.00795659,4142942.44634583,0
334263.36922368,4142942.44802430,0
334263.81432256,4142942.45032838,0
334264.16048344,4142942.46042970,0
334264.45708379,4142942.48937562,0
334264.85292729,4142942.57218507,0
334265.17259892,4142942.69066957,0
334265.51793584,4142942.85833314,0
334265.80419072,4142943.06493715,0
334266.00939091,4142943.27006104,0
334266.20329961,4142943.53014710,0
334266.35115727,4142943.81541017,0
334266.44927129,4142944.12057069,0
334266.49343022,4142944.40471986,0
334266.49220952,4142944.72474244,0
334266.43880376,4142945.07746461,0
334266.37242802,4142945.47254518,0
334266.34499272,4142945.79743531,0
334266.35253056,4142946.26806215,0
334266.36315068,4142946.63251832,0
334266.37288579,4142947.02782777,0
334266.37285527,4142947.42710450,0
334266.37236699,4142947.82757142,0
334266.38072881,4142948.17907288,0
334266.39772710,4142948.53991273,0
334266.41188725,4142948.97039369,0
334266.40639409,4142949.36667970,0
334266.39913090,4142949.77070191,0
334266.39214238,4142950.17251161,0
334266.38442143,4142950.61452821,0
334266.37740239,4142951.01673463,0
334266.36968144,4142951.45898011,0
334266.36336430,4142951.82084229,0
334266.35704716,4142952.18270448,0
334266.34932622,4142952.62498048,0
334266.34230717,4142953.02704957,0
334266.33528813,4142953.42911866,0
334266.32756719,4142953.87139466,0
334266.32195195,4142954.19304994,0
334266.31423100,4142954.63532594,0
334266.30791386,4142954.99718812,0
334266.30019292,4142955.43946412,0
334266.29387578,4142955.80132630,0
334266.28545293,4142956.28380922,0
334266.27913579,4142956.64567140,0
334266.27281865,4142957.00753358,0
334266.26579961,4142957.40960267,0
334266.25807866,4142957.85187867,0
334266.25105962,4142958.25394776,0
334266.24404057,4142958.65601686,0
334266.23631963,4142959.09829285,0
334266.22930058,4142959.50036195,0
334266.22298344,4142959.86222413,0
334266.21736821,4142960.18387940,0
334266.20964726,4142960.62615540,0
334266.20262822,4142961.02822450,0
334266.19490727,4142961.47050050,0
334266.18788823,4142961.87256959,0
334266.18227299,4142962.19422486,0
334266.17385014,4142962.67670777,0
334266.16683110,4142963.07877687,0
334266.15981206,4142963.48084596,0
334266.15181645,4142963.92030671,0
334266.13338384,4142964.30327180,0
334266.09038457,4142964.63534883,0
334266.02367314,4142964.92153505,0
334265.88368901,4142965.32343629,0
334265.72823247,4142965.73665193,0
334265.58190068,4142966.08896211,0
334265.38970097,4142966.44817689,0
334265.22255620,4142966.68841890,0
334265.00417241,4142966.93383363,0
334264.65477666,4142967.24962953,0
334264.38671025,4142967.48274568,0
334264.08962163,4142967.71409181,0
334263.73772343,4142967.93049958,0
334263.34700688,4142968.13756898,0
334263.02629765,4142968.30779603,0
334262.70732793,4142968.47708466,0
334262.31651982,4142968.68447450,0
334261.96126469,4142968.87301210,0
334261.64156255,4142969.04264405,0
334261.25316533,4142969.24841645,0
334260.90926274,4142969.41775087,0
334260.59145268,4142969.54431489,0
334260.26296147,4142969.65278199,0
334259.86211308,4142969.74882844,0
334259.47154912,4142969.80633119,0
334259.07875737,4142969.85909608,0
334258.64311894,4142969.90259126,0
334258.28258428,4142969.93750337,0
334257.89543828,4142969.96898225,0
334257.51387700,4142969.97326234,0
334257.07085332,4142969.95949891,0
334256.66802129,4142969.94755891,0
334256.30696782,4142969.93683198,0
334255.86476811,4142969.92368654,0
334255.46282109,4142969.91172364,0
334255.07039555,4142969.90339997,0
334254.63216313,4142969.91040376,0
334254.30928716,4142969.91652253,0
334253.90721806,4142969.92399171,0
334253.46514043,4142969.93224672,0
334253.10317143,4142969.93897584,0
334252.66100224,4142969.94720033,0
334252.25896367,4142969.95467713,0
334251.85704717,4142969.96215394,0
334251.41493901,4142969.97037843,0
334251.09340581,4142969.97635987,0
334250.73168095,4142969.98308900,0
334250.45033940,4142969.98832276,0
334250.04842290,4142969.99579957,0
334249.64650639,4142970.00327638,0
334249.24458989,4142970.01075318,0
334248.80248174,4142970.01897767,0
334248.44075688,4142970.02570680,0
334248.07903203,4142970.03243592,0
334247.64073857,4142970.04000428,0
334247.24385747,4142970.03722718,0
334246.84081181,4142970.03197053,0
334246.43862065,4142970.02690462,0
334245.99645146,4142970.02130464,0
334245.63451299,4142970.01671937,0
334245.27260503,4142970.01211885,0
334244.87047490,4142970.00700715,0
334244.42803105,4142970.00138429,0
334244.06603154,4142969.99678376,0
334243.58336552,4142969.99064973,0
334243.22136601,4142969.98604921,0
334242.85936650,4142969.98144868,0
334242.45714482,4142969.97633699,0
334242.01470097,4142969.97071412,0
334241.61247929,4142969.96560243,0
334241.21025761,4142969.96049073,0
334240.80803593,4142969.95537904,0
334240.36559209,4142969.94975618,0
334240.01207646,4142969.94764283,0
334239.69582280,4142969.95663789,0
334239.21227177,4142969.97422364,0
334238.81044682,4142969.98854402,0
334238.40886601,4142970.00288728,0
334238.00685796,4142970.01723054,0
334237.60497197,4142970.03157380,0
334237.16365727,4142970.04731324,0
334236.81154546,4142970.05533937,0
334236.45290288,4142970.05134156,0
334236.00899419,4142970.04561189,0
334235.60726079,4142970.04052308,0
334235.20525273,4142970.03541139,0
334234.84328374,4142970.03081086,0
334234.40099248,4142970.02518800,0
334233.95857915,4142970.01956513,0
334233.59657964,4142970.01496461,0
334233.23458012,4142970.01036409,0
334232.79500493,4142970.00509981,0
334232.40358647,4142970.01116517,0
334232.00127324,4142970.02598146,0
334231.59865483,4142970.04031709,0
334231.15709599,4142970.05607942,0
334230.83553227,4142970.06755402,0
334230.43355473,4142970.08189729,0
334230.03166875,4142970.09624055,0
334229.58956059,4142970.11201814,0
334229.18764409,4142970.12636140,0
334228.74553594,4142970.14213899,0
334228.42400273,4142970.15361360,0
334228.02208623,4142970.16795686,0
334227.58077153,4142970.18369630,0
334227.18944463,4142970.19167664,0
334226.78929814,4142970.18661836,0
334226.34572514,4142970.18097261,0
334225.98421391,4142970.17639497,0
334225.62236699,4142970.17179445,0
334225.22017583,4142970.16668275,0
334224.77788457,4142970.16105988,0
334224.41591557,4142970.15645936,0
334223.97347172,4142970.15083650,0
334223.57125005,4142970.14572480,0
334223.12880620,4142970.14010194,0
334222.76680669,4142970.13550141,0
334222.44502934,4142970.13141206,0
334221.96236333,4142970.12527803,0
334221.56014165,4142970.12016633,0
334221.15791997,4142970.11505464,0
334220.71547612,4142970.10943177,0
334220.35347661,4142970.10483125,0
334219.99147710,4142970.10023072,0
334219.54903325,4142970.09460786,0
334219.14681157,4142970.08949617,0
334218.78563603,4142970.08491853,0
334218.34761723,4142970.08439973,0
334217.90465459,4142970.08652833,0
334217.58284673,4142970.08798555,0
334217.18086919,4142970.08981660,0
334216.73882207,4142970.09183076,0
334216.34844121,4142970.08910707,0
334215.97411260,4142970.06206849,0
334215.58037480,4142969.99261048,0
334215.27831181,4142969.89523652,0
334214.94997319,4142969.74159577,0
334214.67562016,4142969.57123140,0
334214.33605107,4142969.31254152,0
334214.00298222,4142969.07079652,0
334213.68990239,4142968.83095887,0
334213.33602055,4142968.56219819,0
334213.02324589,4142968.33159211,0
334212.73720464,4142968.14851716,0
334212.42516240,4142967.97603944,0
334212.07015141,4142967.78158906,0
334211.69142827,4142967.57908967,0
334211.34944829,4142967.42496064,0
334210.99764165,4142967.31090119,0
334210.57530888,4142967.22021058,0
334210.25768193,4142967.15572694,0
334209.82454595,4142967.06737855,0
334209.43346318,4142966.98798707,0
334209.05544194,4142966.92291596,0
334208.71443852,4142966.89142182,0
334208.31252202,4142966.87134889,0
334207.86949834,4142966.84859803,0
334207.46861943,4142966.82803682,0
334207.06688603,4142966.80742982,0
334206.58492192,4142966.78271058,0
334206.26647099,4142966.76668885,0
334205.87883672,4142966.75847199,0
334205.47780522,4142966.76418641,0
334205.12697514,4142966.76890138,0
334205.00282964,4142966.77033571,0
334205.01164922,4142966.77022126,0
334205.01271733,4142966.77022126,0
334205.01045903,4142966.77023652,0
334205.01103886,4142966.77022889,0
334205.01113042,4142966.77022889,0
334205.01103886,4142966.77022889,0
334205.01106938,4142966.77022889,0
334205.01106938,4142966.77022889,0
334205.01106938,4142966.77022889,0
334204.98076543,4142966.77056458,0
334204.89968022,4142966.77148774,0
334204.90392217,4142966.77143434,0
334204.90721806,4142966.77140382,0
334204.90508183,4142966.77142670,0
334204.90547856,4142966.77141908,0
334204.88182744,4142966.77168611,0
334204.78075322,4142966.77282289,0
334204.75893315,4142966.77300599,0
334204.71208867,4142966.77354005,0
334204.69896611,4142966.77368501,0
334204.70375737,4142966.77364686,0
334204.70467290,4142966.77363923,0
334204.70372685,4142966.77364686,0
334204.70397099,4142966.77364686,0
334204.70394047,4142966.77364686,0
334204.70394047,4142966.77364686,0
334204.70394047,4142966.77364686,0
334204.70394047,4142966.77364686,0
334204.70394047,4142966.77364686,0
