333897.21875676,4143127.20180467,0
333897.21875676,4143127.20180467,0
333897.20973882,4143127.19864991,0
333897.12703618,4143127.16961625,0
333897.01183232,4143127.12761262,0
333896.89433965,4143127.07428315,0
333896.80464085,4143127.01729539,0
333896.69542607,4143126.92600968,0
333896.51319798,4143126.75065187,0
333896.36244115,4143126.58946946,0
333896.19504460,4143126.36794236,0
333895.99625310,4143126.06013063,0
333895.82784947,4143125.73318437,0
333895.69386586,4143125.37247804,0
333895.57302770,4143125.02597001,0
333895.45830830,4143124.69206575,0
333895.34535893,4143124.28951982,0
333895.26061543,4143123.89868501,0
333895.17510136,4143123.50378373,0
333895.08257588,4143123.07501557,0
333895.01284322,4143122.69575838,0
333894.96551045,4143122.34096482,0
333894.91804799,4143121.98016313,0
333894.86545857,4143121.58170655,0
333894.80766591,4143121.14340547,0
333894.75506505,4143120.74458268,0
333894.69723805,4143120.30609086,0
333894.64467152,4143119.90741685,0
333894.59736165,4143119.54860261,0
333894.55005177,4143119.18979981,0
333894.49748525,4143118.79112580,0
333894.44491872,4143118.39245179,0
333894.38709553,4143117.95391038,0
333894.32927235,4143117.51536897,0
333894.28196248,4143117.15656236,0
333894.23990926,4143116.83762315,0
333894.18208607,4143116.39908173,0
333894.12951955,4143116.00040773,0
333894.07169637,4143115.56186631,0
333894.01387318,4143115.12332490,0
333893.96656331,4143114.76451829,0
333893.91925343,4143114.40571168,0
333893.86143025,4143113.96717027,0
333893.80886373,4143113.56849626,0
333893.75629719,4143113.16982224,0
333893.69847401,4143112.73128083,0
333893.64590749,4143112.33260682,0
333893.59859761,4143111.97380021,0
333893.55095967,4143111.62036279,0
333893.48416051,4143111.24059251,0
333893.39931783,4143110.84826615,0
333893.31455907,4143110.45453599,0
333893.21738347,4143110.04003671,0
333893.09035023,4143109.62928537,0
333892.95241460,4143109.20634988,0
333892.85297307,4143108.90057519,0
333892.74177464,4143108.56224969,0
333892.60723409,4143108.20356515,0
333892.44661244,4143107.83939126,0
333892.26658162,4143107.43306687,0
333892.10399159,4143107.06599763,0
333891.92483815,4143106.66151574,0
333891.77822789,4143106.33053544,0
333891.63168630,4143105.99967912,0
333891.45362386,4143105.60586312,0
333891.27534398,4143105.26568559,0
333891.09530934,4143104.95146134,0
333890.87525472,4143104.56598428,0
333890.65840444,4143104.19084123,0
333890.46877583,4143103.88892892,0
333890.27344807,4143103.58266977,0
333890.05738362,4143103.24326280,0
333889.84384450,4143102.91438058,0
333889.61488255,4143102.58900979,0
333889.35815724,4143102.22677568,0
333889.12593373,4143101.89892152,0
333888.87029942,4143101.53802255,0
333888.66106328,4143101.24262384,0
333888.45189198,4143100.94732049,0
333888.21946629,4143100.61917642,0
333887.96379002,4143100.25821260,0
333887.75460347,4143099.96288827,0
333887.49893102,4143099.60193398,0
333887.22001561,4143099.20816567,0
333887.08055791,4143099.01128152,0
333886.87137135,4143098.71595529,0
333886.61569890,4143098.35500100,0
333886.36002644,4143097.99404672,0
333886.15083989,4143097.69872048,0
333885.96489629,4143097.43620828,0
333885.70922383,4143097.07525399,0
333885.47679433,4143096.74711374,0
333885.22112187,4143096.38615945,0
333884.98869237,4143096.05801919,0
333884.73301991,4143095.69706490,0
333884.52383336,4143095.40173867,0
333884.33788976,4143095.13922647,0
333884.08221730,4143094.77827218,0
333883.84978780,4143094.45013192,0
333883.61735829,4143094.12199166,0
333883.36168584,4143093.76103738,0
333883.10601338,4143093.40008309,0
333882.89682683,4143093.10475686,0
333882.71088322,4143092.84224466,0
333882.45521077,4143092.48129037,0
333882.22278127,4143092.15315011,0
333881.99035176,4143091.82500985,0
333881.73467931,4143091.46405557,0
333881.47900685,4143091.10310128,0
333881.26982030,4143090.80777505,0
333881.08387669,4143090.54526284,0
333880.82820424,4143090.18430475,0
333880.59577474,4143089.85615972,0
333880.34010228,4143089.49520019,0
333880.10767277,4143089.16705468,0
333879.85200032,4143088.80609563,0
333879.64281377,4143088.51076510,0
333879.45687016,4143088.24824861,0
333879.20119771,4143087.88728956,0
333878.96876820,4143087.55914452,0
333878.71309575,4143087.19818500,0
333878.48066624,4143086.87003950,0
333878.27147969,4143086.57470945,0
333878.06229314,4143086.27937988,0
333877.80662068,4143085.91842297,0
333877.57419118,4143085.59028056,0
333877.34176167,4143085.26213792,0
333877.10933217,4143084.93399504,0
333876.85365971,4143084.57303813,0
333876.59798726,4143084.21208110,0
333876.38880071,4143083.91675285,0
333876.20285710,4143083.65423873,0
333875.94718465,4143083.29328117,0
333875.71475514,4143082.96513799,0
333875.45908269,4143082.60418033,0
333875.22665318,4143082.27603738,0
333875.01746663,4143081.98070842,0
333874.80828008,4143081.68537947,0
333874.55260762,4143081.32442215,0
333874.32017812,4143080.99627939,0
333874.08774861,4143080.66813686,0
333873.83207616,4143080.30717924,0
333873.57640370,4143079.94622257,0
333873.36721715,4143079.65089396,0
333873.18127355,4143079.38838008,0
333872.92560109,4143079.02742317,0
333872.69317158,4143078.69928029,0
333872.43749913,4143078.33832267,0
333872.20506962,4143078.01017716,0
333871.99588307,4143077.71484711,0
333871.76345357,4143077.38670209,0
333871.53102406,4143077.05855659,0
333871.29859456,4143076.73041204,0
333871.04292210,4143076.36945251,0
333870.81049260,4143076.04130748,0
333870.57806309,4143075.71316197,0
333870.39211949,4143075.45064643,0
333870.13644704,4143075.08968690,0
333869.90448674,4143074.76218417,0
333869.66424855,4143074.40974286,0
333869.47217473,4143074.07759717,0
333869.26325520,4143073.68581441,0
333869.11516866,4143073.40645269,0
333868.93808278,4143073.02970651,0
333868.80728062,4143072.66625645,0
333868.69357594,4143072.32295468,0
333868.57159718,4143071.91535619,0
333868.46556004,4143071.48842290,0
333868.37916859,4143071.13888219,0
333868.31330785,4143070.83937791,0
333868.25698003,4143070.42809632,0
333868.22843465,4143070.03140595,0
333868.21112355,4143069.60720017,0
333868.22082051,4143069.17127088,0
333868.23033055,4143068.80900911,0
333868.24338826,4143068.49864438,0
333868.27992543,4143068.06329587,0
333868.31503590,4143067.66081384,0
333868.35680303,4143067.23304322,0
333868.42027196,4143066.80224279,0
333868.47540196,4143066.44264176,0
333868.52400502,4143066.12467149,0
333868.59083089,4143065.68780091,0
333868.65164860,4143065.29013780,0
333868.71851262,4143064.85291627,0
333868.77931889,4143064.45542481,0
333868.83042821,4143064.10560182,0
333868.86994084,4143063.71580842,0
333868.90465077,4143063.31372979,0
333868.94319066,4143062.87283662,0
333868.97463139,4143062.51263574,0
333869.00754460,4143062.08335641,0
333869.01967534,4143061.64803842,0
333869.02764424,4143061.28442720,0
333869.03316029,4143060.96948007,0
333869.02043446,4143060.54404786,0
333868.99624928,4143060.14139703,0
333868.96924885,4143059.70588258,0
333868.92162236,4143059.28733590,0
333868.86370000,4143058.93086961,0
333868.81210240,4143058.61149362,0
333868.74172505,4143058.17540696,0
333868.67764958,4143057.77848962,0
333868.60712727,4143057.34166673,0
333868.53666600,4143056.90900376,0
333868.47055348,4143056.57108834,0
333868.39154729,4143056.28104547,0
333868.24953374,4143055.88276437,0
333868.09558781,4143055.54157022,0
333867.88230809,4143055.17147973,0
333867.65464314,4143054.81273034,0
333867.44621953,4143054.53076509,0
333867.25145253,4143054.27715257,0
333866.98237904,4143053.94969132,0
333866.68775090,4143053.63213494,0
333866.38897618,4143053.33589128,0
333866.12670049,4143053.11929086,0
333865.87808141,4143052.93854287,0
333865.48346623,4143052.69484666,0
333865.13333043,4143052.49358132,0
333864.74988087,4143052.27233461,0
333864.43674763,4143052.09173730,0
333864.15908154,4143051.93164399,0
333863.78385648,4143051.72636941,0
333863.42542371,4143051.54936936,0
333863.02736768,4143051.35286668,0
333862.63240918,4143051.15792230,0
333862.35147580,4143051.02426675,0
333861.95015057,4143050.85493806,0
333861.61425504,4143050.71554139,0
333861.20591840,4143050.54587892,0
333860.79759702,4143050.37625459,0
333860.46326169,4143050.23736146,0
333860.16796597,4143050.11484864,0
333859.76244077,4143049.95653871,0
333859.38564595,4143049.81392243,0
333858.93427762,4143049.64278367,0
333858.59603223,4143049.51455644,0
333858.29864224,4143049.40246537,0
333857.88917645,4143049.26306871,0
333857.50556477,4143049.13892320,0
333857.08462628,4143049.00226930,0
333856.74065884,4143048.89063981,0
333856.39631566,4143048.77889970,0
333855.97556409,4143048.64235261,0
333855.59309873,4143048.51822999,0
333855.17235478,4143048.38168290,0
333854.78987416,4143048.25755265,0
333854.48388966,4143048.15824845,0
333854.06316098,4143048.02170518,0
333853.68068036,4143047.89757493,0
333853.25995168,4143047.76103166,0
333852.87747105,4143047.63690141,0
333852.57148656,4143047.53759721,0
333852.15075787,4143047.40105394,0
333851.76827725,4143047.27692369,0
333851.34754857,4143047.14038041,0
333850.92681988,4143047.00383714,0
333850.62083539,4143046.90453294,0
333850.20010671,4143046.76798967,0
333849.85587415,4143046.65627244,0
333849.43514546,4143046.51972917,0
333849.01441678,4143046.38318589,0
333848.67018422,4143046.27146867,0
333848.36419972,4143046.17216447,0
333847.90521439,4143046.02320817,0
333847.52272424,4143045.89907792,0
333847.10198506,4143045.76253465,0
333846.75774392,4143045.65081742,0
333846.45175179,4143045.55151322,0
333846.03101262,4143045.41496995,0
333845.64852246,4143045.29083970,0
333845.22778329,4143045.15429643,0
333844.80704411,4143045.01775315,0
333844.46280297,4143044.90603593,0
333844.11856183,4143044.79431871,0
333843.73607167,4143044.67018845,0
333843.31533250,4143044.53364518,0
333842.89459332,4143044.39710191,0
333842.55035218,4143044.28538468,0
333842.24436006,4143044.18608048,0
333841.82362088,4143044.04953721,0
333841.44113072,4143043.92540696,0
333841.15103158,4143043.83115724,0
333841.10929593,4143043.81740907,0
